,Patient_ID,Age,Gender,Admission_Type,Diagnosis,Num_Lab_Procedures,Num_Medications,Num_Diagnoses,Readmitted,Visits
0,1,65,2,0,0,33,2,5,1,6
1,2,35,0,1,1,81,10,6,0,9
2,3,75,0,1,0,75,29,5,0,7
3,4,35,1,2,1,77,11,9,1,9
4,5,45,0,1,1,50,25,3,1,8
5,6,25,1,2,2,11,20,3,0,8
6,7,35,0,2,0,95,16,7,1,9
7,8,75,0,2,0,28,19,7,1,7
8,9,15,1,1,3,70,23,6,0,7
9,10,45,1,0,2,41,24,3,0,4
10,11,55,1,2,3,16,11,7,1,6
11,12,15,0,0,2,68,14,5,0,8
12,13,85,0,0,0,99,2,7,1,8
13,14,75,2,1,1,48,23,2,0,11
14,15,35,1,0,1,56,28,6,0,6
15,16,55,0,0,1,64,5,8,1,8
16,17,75,0,1,1,59,27,1,0,8
17,18,35,1,2,1,90,5,4,1,8
18,19,65,2,0,3,62,19,1,0,2
19,20,75,1,1,2,76,21,1,1,10
20,21,55,2,0,0,11,12,8,0,5
21,22,75,0,0,3,89,18,7,0,10
22,23,35,2,2,2,18,4,1,1,4
23,24,75,0,0,1,19,22,2,0,1
24,25,75,1,1,2,87,17,4,1,10
25,26,65,1,0,2,55,10,1,0,7
26,27,75,1,2,1,82,20,3,0,11
27,28,65,2,2,1,26,6,8,1,10
28,29,75,0,1,1,6,25,8,0,6
29,30,85,1,2,0,4,14,8,0,11
30,31,25,1,0,1,29,35,6,1,7
31,32,65,0,2,0,59,35,6,0,4
32,33,25,1,1,1,98,35,5,1,4
33,34,35,0,2,0,17,35,9,1,4
34,35,55,0,2,2,43,35,4,1,6
35,36,35,0,2,3,80,35,7,0,4
36,37,25,0,1,2,66,35,1,0,5
37,38,75,0,2,2,34,35,9,1,4
38,39,35,2,2,1,8,35,7,0,10
39,40,25,1,0,0,13,35,9,1,5
40,41,75,2,1,3,8,11,7,0,6
41,42,15,1,2,1,94,21,2,1,8
42,43,75,2,1,1,96,12,6,1,10
43,44,65,0,2,1,94,5,4,0,4
44,45,25,1,2,2,65,23,3,1,7
45,46,65,1,2,0,43,9,2,1,2
46,47,55,2,0,0,39,27,6,0,11
47,48,55,2,0,3,81,25,8,1,4
48,49,65,1,0,0,59,9,6,1,5
49,50,25,2,1,0,84,22,9,0,6
50,51,,2,1,1,88,10,5,1,11
51,52,,2,0,1,86,22,2,1,6
52,53,,0,1,2,93,19,8,1,4
53,54,,0,2,1,86,1,9,1,5
54,55,,2,2,1,44,7,4,1,10
55,56,,2,2,1,9,4,6,1,6
56,57,,0,0,1,37,1,8,1,7
57,58,,0,1,2,74,15,9,1,5
58,59,,1,0,1,36,8,5,0,8
59,60,,1,1,3,92,12,6,1,8
60,61,35,0,2,3,28,22,4,1,5
61,62,65,2,0,3,42,22,5,0,3
62,63,35,2,1,3,43,18,7,1,4
63,64,75,2,1,1,85,15,9,1,7
64,65,55,2,2,3,88,17,6,1,7
65,66,75,1,0,1,42,29,6,1,6
66,67,45,0,0,2,66,14,8,1,7
67,68,45,2,0,3,55,14,4,1,7
68,69,75,1,2,0,72,18,3,0,2
69,70,55,2,0,3,48,20,7,0,5
70,71,45,0,2,3,91,18,5,0,3
71,72,35,1,2,1,22,16,2,0,7
72,73,65,0,2,3,27,1,2,0,8
73,74,85,0,1,0,93,23,6,1,5
74,75,25,1,0,1,67,27,8,1,4
75,76,15,1,0,1,13,11,1,1,7
76,77,25,1,2,2,45,15,6,1,6
77,78,85,1,2,2,10,12,2,1,1
78,79,25,1,0,3,9,8,2,0,7
79,80,25,1,2,2,54,22,7,0,7
80,81,55,1,0,2,27,20,1,1,2
81,82,55,2,1,2,34,6,6,1,1
82,83,55,0,2,1,1,3,7,1,3
83,84,25,1,0,1,32,28,8,0,10
84,85,55,2,2,1,89,24,7,0,6
85,86,45,2,0,2,93,26,6,1,6
86,87,25,2,0,1,71,13,9,0,5
87,88,25,0,2,2,67,13,3,1,2
88,89,55,1,1,1,84,2,6,0,5
89,90,55,2,0,1,20,5,4,0,3
90,91,65,0,0,0,94,17,2,1,8
91,92,45,0,0,3,35,6,1,0,7
92,93,75,0,1,2,99,2,1,0,9
93,94,55,2,1,0,91,4,3,1,2
94,95,65,1,2,1,90,22,4,0,8
95,96,55,2,1,2,78,26,2,1,5
96,97,85,2,2,1,17,11,1,0,3
97,98,65,1,2,3,18,8,4,1,5
98,99,25,1,1,0,45,12,7,1,6
99,100,15,1,2,3,93,8,6,0,4
100,101,25,0,1,0,84,11,6,0,7
101,102,35,1,2,1,53,22,9,1,9
102,103,45,2,1,3,91,20,2,0,5
103,104,25,1,1,3,82,8,4,0,9
104,105,35,2,2,1,68,29,5,0,0
105,106,55,0,0,3,65,8,1,1,4
106,107,65,2,2,2,1,26,8,1,1
107,108,85,2,1,0,58,17,8,1,3
108,109,65,1,0,0,26,20,6,0,5
109,110,25,1,2,0,20,20,5,0,8
110,111,45,2,2,2,87,23,8,1,6
111,112,35,1,2,0,10,16,3,1,8
112,113,65,0,0,1,59,14,3,0,6
113,114,45,0,1,3,75,11,2,0,7
114,115,55,1,2,2,41,7,5,0,5
115,116,35,0,2,0,5,16,3,0,8
116,117,45,1,2,1,65,13,3,1,4
117,118,75,2,2,3,17,27,6,0,5
118,119,45,2,2,3,22,15,8,0,8
119,120,85,0,1,2,98,24,2,1,1
120,121,55,1,1,2,41,16,4,1,6
121,122,65,1,2,2,93,27,7,0,6
122,123,75,0,0,1,68,21,1,1,6
123,124,75,2,1,1,69,23,1,0,6
124,125,25,0,0,2,11,24,7,0,6
125,126,45,2,1,0,56,9,7,1,2
126,127,45,1,2,3,51,3,1,1,4
127,128,65,2,1,3,21,19,1,0,4
128,129,45,0,2,1,99,20,4,1,3
129,130,75,1,1,3,76,5,5,0,4
130,131,75,0,2,0,26,10,5,0,2
131,132,15,0,2,3,19,17,4,0,6
132,133,45,2,2,1,60,15,8,1,9
133,134,75,0,2,1,71,23,7,0,4
134,135,25,2,0,0,47,25,9,0,9
135,136,45,1,2,0,71,8,7,0,6
136,137,25,2,0,3,26,15,1,1,6
137,138,75,1,0,3,40,21,7,0,5
138,139,55,2,2,1,5,14,1,0,2
139,140,65,0,0,0,21,20,7,0,4
140,141,65,2,1,0,78,28,8,1,7
141,142,45,2,2,0,4,7,9,0,8
142,143,75,1,0,3,23,21,3,0,5
143,144,45,0,2,0,84,23,4,1,2
144,145,65,2,2,1,15,12,4,1,3
145,146,75,0,2,1,93,17,9,0,5
146,147,75,2,0,3,8,17,7,0,5
147,148,65,2,1,2,41,10,3,0,9
148,149,25,0,1,3,19,29,5,1,4
149,150,55,2,0,2,46,19,7,1,2
150,151,15,0,2,0,28,14,8,0,3
151,152,25,2,0,3,91,11,1,1,11
152,153,75,1,0,1,68,2,2,0,6
153,154,75,0,0,0,15,18,7,0,7
154,155,15,2,2,1,99,7,2,1,6
155,156,15,2,0,0,37,12,7,0,10
156,157,75,1,2,3,1,26,9,1,7
157,158,15,0,0,2,67,2,2,1,11
158,159,35,2,1,0,24,27,7,0,8
159,160,15,1,0,2,27,20,4,1,9
160,161,75,2,0,0,40,18,2,0,6
161,162,65,0,1,1,63,6,7,1,4
162,163,45,2,2,1,61,24,5,0,5
163,164,45,2,2,0,36,10,1,0,5
164,165,75,2,0,2,98,20,5,0,7
165,166,75,2,1,3,93,15,3,1,5
166,167,35,1,2,3,24,5,7,0,6
167,168,55,1,0,1,24,20,6,1,5
168,169,45,0,1,3,4,3,8,1,6
169,170,25,1,2,1,67,5,5,1,4
170,171,35,1,2,3,34,25,2,1,6
171,172,75,0,1,0,57,8,9,1,7
172,173,25,1,1,1,49,8,8,0,5
173,174,35,1,1,1,87,8,6,1,8
174,175,75,0,1,0,53,12,7,0,6
175,176,55,0,0,1,23,24,9,0,6
176,177,35,0,1,3,69,23,7,1,11
177,178,85,2,2,3,95,8,3,0,5
178,179,35,2,2,1,53,11,6,0,8
179,180,35,0,0,3,62,14,7,1,7
180,181,65,0,2,2,41,8,2,0,8
181,182,55,0,2,1,57,29,3,1,9
182,183,55,2,1,0,60,24,4,1,6
183,184,55,2,2,2,54,28,6,1,5
184,185,15,1,0,1,70,10,1,0,3
185,186,25,1,1,0,57,7,9,0,7
186,187,75,0,1,3,10,28,5,0,8
187,188,65,2,0,0,40,17,7,0,8
188,189,45,2,1,2,7,4,9,1,7
189,190,45,2,1,3,38,29,9,1,7
190,191,55,0,0,1,85,13,1,0,6
191,192,25,1,1,3,61,4,1,1,5
192,193,35,0,0,1,84,5,3,0,5
193,194,75,1,0,1,3,26,6,1,9
194,195,15,1,2,0,51,22,2,1,3
195,196,15,0,2,0,86,4,1,1,10
196,197,65,1,1,0,47,18,1,1,7
197,198,25,1,1,2,68,6,5,1,5
198,199,55,2,0,2,92,24,4,0,0
199,200,45,1,1,0,76,24,1,0,10
200,201,25,0,0,2,38,23,4,1,4
201,202,35,0,0,3,36,22,3,0,4
202,203,65,1,1,3,41,2,2,1,5
203,204,25,2,0,2,69,23,9,1,3
204,205,35,2,2,2,13,11,1,1,6
205,206,45,1,1,3,87,28,7,1,7
206,207,75,1,2,1,58,14,4,0,7
207,208,55,0,1,3,50,5,5,1,6
208,209,45,1,0,3,30,6,5,0,10
209,210,55,2,1,2,62,10,1,1,4
210,211,55,1,2,3,25,8,6,1,10
211,212,45,0,0,2,27,14,9,0,1
212,213,35,0,1,2,51,24,2,1,5
213,214,85,0,1,0,78,3,7,1,7
214,215,75,0,1,3,57,12,6,0,11
215,216,55,0,2,1,47,16,5,0,4
216,217,75,1,2,0,39,28,4,0,8
217,218,55,1,1,2,16,23,4,1,4
218,219,55,1,0,2,22,17,6,1,7
219,220,55,1,0,1,85,1,4,0,6
220,221,35,0,2,2,54,23,5,0,9
221,222,35,2,0,3,21,10,6,1,7
222,223,65,1,2,0,72,25,5,1,5
223,224,35,2,1,2,16,23,7,0,6
224,225,25,1,2,2,59,10,9,0,6
225,226,25,1,2,1,31,21,7,0,6
226,227,85,2,1,3,42,24,7,0,8
227,228,35,0,0,2,74,2,4,1,3
228,229,55,1,2,1,32,9,1,1,5
229,230,65,1,2,2,59,22,8,1,5
230,231,75,1,1,1,34,13,4,1,9
231,232,35,2,0,1,9,25,1,0,0
232,233,45,0,2,3,81,16,5,1,3
233,234,55,2,1,2,11,18,8,0,2
234,235,65,2,2,3,96,19,4,1,10
235,236,75,0,1,1,10,12,8,1,9
236,237,25,2,0,0,86,8,8,1,7
237,238,45,0,0,2,17,17,3,0,4
238,239,45,1,0,0,68,15,9,1,3
239,240,35,0,0,2,48,10,3,0,7
240,241,45,1,2,3,52,15,1,0,10
241,242,45,2,2,3,25,15,2,1,5
242,243,85,2,0,3,21,23,6,0,5
243,244,75,1,0,3,65,7,2,1,6
244,245,65,2,0,3,63,13,6,0,11
245,246,35,0,2,0,89,17,1,1,11
246,247,25,1,0,3,51,9,1,0,9
247,248,55,2,0,1,36,8,5,0,6
248,249,85,1,0,1,81,20,9,1,7
249,250,65,0,1,0,88,26,8,1,3
250,251,35,0,0,2,66,27,3,1,5
251,252,65,2,1,1,15,21,3,1,9
252,253,45,0,1,2,96,18,1,0,6
253,254,65,1,0,0,39,13,3,0,6
254,255,25,0,1,2,70,16,1,0,9
255,256,55,1,0,2,1,9,8,0,5
256,257,45,1,2,2,23,12,1,1,9
257,258,65,0,2,2,39,12,5,0,10
258,259,75,2,2,0,57,6,9,1,8
259,260,75,0,2,1,81,19,7,0,3
260,261,85,1,1,3,34,28,4,1,8
261,262,45,1,0,2,41,7,9,1,8
262,263,55,0,0,1,93,25,9,1,7
263,264,85,2,0,1,73,3,2,1,5
264,265,35,2,2,0,13,16,6,1,6
265,266,45,1,2,1,70,18,4,0,10
266,267,75,1,0,0,6,16,8,1,10
267,268,75,2,2,2,84,23,7,0,1
268,269,85,0,0,2,52,7,7,0,6
269,270,65,1,0,3,3,4,9,1,9
270,271,45,1,0,3,81,27,5,0,5
271,272,45,2,0,3,63,25,6,0,6
272,273,65,0,0,1,49,8,1,0,9
273,274,45,2,0,2,76,13,6,1,10
274,275,85,0,0,0,47,13,2,1,4
275,276,45,0,2,3,55,17,6,1,9
276,277,15,0,0,0,64,17,9,1,7
277,278,35,1,0,0,65,5,8,0,6
278,279,55,2,2,3,81,6,9,0,6
279,280,25,2,2,2,67,19,8,0,3
280,281,65,0,2,3,90,13,3,0,6
281,282,65,1,0,0,15,25,8,0,5
282,283,55,1,1,3,32,28,6,0,6
283,284,55,2,1,0,96,26,6,1,6
284,285,45,1,2,0,68,14,6,0,4
285,286,65,1,1,3,18,22,3,0,4
286,287,45,0,2,1,83,4,1,0,2
287,288,45,1,0,3,43,28,4,1,7
288,289,35,0,1,1,35,7,6,0,2
289,290,75,2,0,0,78,8,2,0,4
290,291,25,1,1,0,58,25,7,1,4
291,292,75,2,0,1,33,13,7,0,5
292,293,55,2,1,0,14,27,4,1,8
293,294,65,1,0,1,34,6,4,1,3
294,295,35,1,0,1,61,6,1,0,9
295,296,85,2,1,0,4,24,2,0,7
296,297,25,1,0,2,88,28,9,1,8
297,298,35,0,0,1,59,21,8,0,9
298,299,35,0,0,3,29,3,8,0,0
299,300,35,1,1,3,83,28,9,1,7
300,301,85,2,1,0,6,3,7,1,6
301,302,45,1,0,2,97,13,9,0,7
302,303,85,1,0,0,49,22,2,1,7
303,304,65,2,1,2,40,2,6,0,6
304,305,45,2,1,1,83,16,3,0,8
305,306,75,0,0,1,65,22,6,0,5
306,307,85,2,0,1,69,29,3,0,9
307,308,75,0,0,1,27,6,8,1,5
308,309,35,2,2,3,80,8,4,0,9
309,310,75,1,1,3,6,23,6,1,3
310,311,75,0,2,0,13,8,9,0,9
311,312,65,0,1,2,64,25,2,0,1
312,313,65,0,1,1,62,6,2,1,8
313,314,55,1,1,1,99,14,7,0,3
314,315,35,1,1,2,19,3,2,1,4
315,316,75,1,1,2,76,10,2,1,5
316,317,75,1,1,0,80,3,4,0,5
317,318,25,1,1,2,43,27,9,0,9
318,319,75,0,2,1,74,12,8,0,9
319,320,75,1,0,1,89,17,2,0,4
320,321,25,0,0,1,20,27,8,1,5
321,322,25,1,2,1,95,29,4,0,9
322,323,65,2,2,1,68,5,2,0,8
323,324,75,0,2,0,44,20,7,0,8
324,325,55,2,2,1,23,25,6,0,5
325,326,65,0,1,0,2,9,5,0,2
326,327,35,2,0,1,22,21,1,1,4
327,328,35,1,1,3,57,26,2,0,11
328,329,45,1,0,3,72,20,8,1,3
329,330,35,1,0,3,7,7,1,0,7
330,331,35,0,2,3,78,22,3,0,8
331,332,85,2,1,0,56,4,2,0,7
332,333,35,1,2,0,67,13,5,1,5
333,334,75,2,1,2,16,13,4,0,4
334,335,75,2,0,1,83,10,7,1,3
335,336,75,1,2,3,51,18,5,1,7
336,337,45,1,2,0,82,17,8,0,8
337,338,25,2,0,1,80,20,4,1,11
338,339,25,1,0,1,72,20,6,0,6
339,340,15,1,0,0,97,13,4,0,9
340,341,75,1,2,3,12,17,2,1,4
341,342,15,0,1,2,53,22,1,0,4
342,343,55,2,2,1,75,4,1,0,6
343,344,65,2,1,2,5,1,8,1,9
344,345,15,0,2,3,27,1,4,1,5
345,346,35,2,2,3,12,15,5,1,3
346,347,75,1,0,2,17,13,8,1,2
347,348,85,2,1,3,6,17,7,1,4
348,349,85,1,2,1,97,24,8,1,7
349,350,35,0,2,2,5,26,8,0,3
350,351,85,1,0,3,57,8,6,1,0
351,352,45,2,0,2,28,18,2,1,5
352,353,35,2,1,1,78,27,6,0,6
353,354,65,2,2,3,69,13,1,0,5
354,355,75,0,1,1,59,23,1,1,6
355,356,45,0,2,3,33,14,3,1,6
356,357,65,2,1,0,62,8,3,0,6
357,358,75,1,0,3,50,8,5,1,6
358,359,35,0,2,2,19,27,1,1,4
359,360,65,2,1,3,86,26,6,0,2
360,361,55,2,0,1,69,15,7,1,4
361,362,55,0,0,1,66,27,3,0,11
362,363,45,0,1,3,94,13,4,1,7
363,364,25,0,2,2,47,7,3,0,2
364,365,55,1,2,0,39,5,1,0,4
365,366,65,1,0,2,68,17,8,0,2
366,367,25,2,2,0,33,28,2,1,9
367,368,35,0,2,1,13,25,1,0,5
368,369,75,1,2,2,84,29,8,1,1
369,370,15,0,0,0,54,16,7,0,7
370,371,25,2,1,3,7,23,7,0,7
371,372,35,1,2,1,79,2,4,0,5
372,373,45,1,0,3,87,22,9,1,5
373,374,15,1,0,1,14,18,6,1,8
374,375,45,2,1,2,87,17,2,0,7
375,376,45,0,2,2,19,7,1,1,8
376,377,25,1,2,1,54,13,1,1,6
377,378,65,2,1,1,93,18,9,1,5
378,379,55,0,1,1,20,29,4,0,8
379,380,55,2,0,2,29,14,5,1,9
380,381,55,0,0,0,24,18,3,0,7
381,382,75,2,1,3,82,13,4,0,3
382,383,65,0,2,3,63,11,8,0,8
383,384,65,1,0,2,74,21,4,1,1
384,385,25,0,0,3,57,21,9,0,7
385,386,85,2,2,1,8,16,9,1,7
386,387,85,2,0,0,90,23,6,1,8
387,388,55,0,2,3,62,17,2,0,9
388,389,55,1,2,0,29,8,7,0,6
389,390,65,1,2,1,74,19,9,0,6
390,391,65,0,1,3,17,20,6,1,4
391,392,45,0,1,2,66,15,3,1,5
392,393,35,2,1,0,6,9,7,0,5
393,394,25,1,2,1,58,20,5,0,1
394,395,65,0,2,0,69,10,1,1,5
395,396,15,1,1,3,28,12,3,1,0
396,397,55,0,0,3,62,21,5,0,8
397,398,25,0,2,2,41,23,7,1,3
398,399,45,1,0,1,69,20,3,1,5
399,400,55,0,0,1,82,1,6,1,6
400,401,25,0,2,2,90,25,5,1,5
401,402,75,2,2,2,84,20,1,1,7
402,403,45,0,0,1,41,9,6,1,6
403,404,55,0,0,0,49,22,8,0,3
404,405,35,0,1,0,91,15,1,1,9
405,406,55,2,1,2,49,1,2,0,7
406,407,25,1,2,0,76,12,4,0,1
407,408,45,2,1,1,71,3,2,1,7
408,409,85,2,1,3,3,11,9,0,4
409,410,65,1,1,3,10,2,8,0,7
410,411,55,2,1,0,98,16,8,0,5
411,412,45,1,0,2,89,9,4,1,4
412,413,45,2,2,2,35,15,5,0,6
413,414,75,1,1,2,80,12,4,1,12
414,415,55,0,0,2,2,1,9,0,2
415,416,25,2,0,2,24,13,2,0,9
416,417,75,2,0,0,74,14,8,0,6
417,418,35,2,1,3,38,25,2,0,7
418,419,45,2,1,3,22,25,1,1,2
419,420,45,0,2,0,26,8,3,0,5
420,421,35,2,1,2,43,8,9,0,7
421,422,75,0,1,0,55,27,3,1,4
422,423,35,0,0,3,39,12,9,1,7
423,424,75,0,2,1,91,1,7,1,4
424,425,35,0,1,0,29,11,1,0,7
425,426,65,1,1,2,20,8,5,1,6
426,427,25,1,0,3,91,10,9,1,8
427,428,75,2,0,3,41,19,3,1,5
428,429,35,1,1,3,54,11,9,1,5
429,430,25,1,2,3,20,7,5,1,9
430,431,45,2,2,2,19,11,9,1,7
431,432,65,2,0,1,84,17,6,0,6
432,433,35,2,0,3,99,1,9,1,7
433,434,25,1,1,0,66,26,7,0,9
434,435,45,1,0,1,30,29,7,1,3
435,436,65,2,1,3,53,21,8,1,3
436,437,75,0,2,1,34,21,7,1,8
437,438,45,2,2,0,22,8,9,0,7
438,439,35,0,1,3,67,23,9,1,7
439,440,75,0,0,0,6,24,6,1,10
440,441,55,2,2,2,79,6,7,1,7
441,442,75,2,0,3,27,22,2,1,4
442,443,55,2,2,3,10,18,9,0,8
443,444,75,1,1,3,73,6,1,0,7
444,445,55,0,1,3,97,5,1,0,4
445,446,35,1,1,2,96,13,3,0,8
446,447,25,1,2,3,48,19,6,0,6
447,448,55,2,0,1,70,22,5,1,10
448,449,35,1,0,3,59,8,2,1,3
449,450,25,2,0,2,59,9,9,1,7
450,451,75,0,2,3,2,17,4,0,7
451,452,35,2,2,1,29,3,4,1,3
452,453,25,1,2,2,68,19,5,0,8
453,454,65,1,2,2,65,11,8,1,9
454,455,35,2,2,1,83,24,4,0,7
455,456,55,2,0,1,26,17,5,1,6
456,457,55,1,2,1,89,21,4,1,5
457,458,25,0,2,1,10,19,6,1,5
458,459,65,0,0,1,53,2,3,1,6
459,460,45,2,2,2,79,8,8,0,10
460,461,85,0,0,2,59,19,6,1,9
461,462,25,1,0,3,22,7,5,1,10
462,463,45,2,1,3,51,28,2,1,7
463,464,55,1,1,0,48,27,7,0,4
464,465,55,1,1,3,21,17,2,1,6
465,466,25,0,1,3,22,6,1,1,2
466,467,85,2,2,1,98,19,7,1,6
467,468,35,2,1,1,30,24,5,1,10
468,469,65,0,0,3,25,6,1,1,7
469,470,25,1,2,0,28,28,4,0,6
470,471,55,1,1,1,65,2,4,0,9
471,472,45,1,0,3,45,6,7,0,7
472,473,35,1,2,3,68,23,9,1,6
473,474,75,2,2,2,7,5,2,0,4
474,475,75,2,1,0,49,19,1,1,5
475,476,55,0,2,2,9,20,2,1,7
476,477,35,0,0,0,36,4,7,1,3
477,478,55,2,2,1,83,22,6,1,10
478,479,85,2,0,0,1,26,4,0,4
479,480,65,1,2,3,10,17,1,0,5
480,481,35,1,1,3,36,11,1,0,4
481,482,75,0,0,0,73,4,5,1,7
482,483,35,2,2,0,46,26,1,0,10
483,484,75,0,2,0,32,13,7,0,6
484,485,55,2,2,2,32,20,1,1,7
485,486,15,1,0,0,6,26,1,0,10
486,487,25,0,0,1,48,17,2,1,8
487,488,75,0,0,2,38,9,3,0,4
488,489,85,2,1,2,17,4,1,0,4
489,490,45,1,1,0,74,23,9,0,10
490,491,75,0,0,1,27,28,8,1,7
491,492,55,1,2,2,54,14,5,0,9
492,493,55,0,1,3,50,19,2,0,9
493,494,25,1,0,2,35,26,5,0,4
494,495,75,2,2,0,85,28,6,0,7
495,496,65,0,1,1,25,3,1,1,8
496,497,65,0,2,0,28,14,4,1,9
497,498,45,1,2,3,15,8,9,0,2
498,499,65,1,2,3,4,24,2,0,6
499,500,75,0,2,3,93,27,5,0,11
500,501,65,2,1,0,73,28,1,1,7
501,502,35,1,1,2,27,1,4,0,5
502,503,55,1,1,0,26,10,4,0,3
503,504,35,1,0,1,19,18,6,1,4
504,505,35,0,1,2,92,16,9,1,6
505,506,75,0,2,3,17,8,3,1,12
506,507,35,0,1,0,43,1,9,0,7
507,508,65,0,2,3,41,12,6,1,4
508,509,65,2,0,3,42,8,7,1,2
509,510,35,2,2,1,50,24,2,0,6
510,511,35,0,2,2,84,16,6,1,3
511,512,45,2,2,1,40,18,6,0,5
512,513,15,1,0,1,39,4,2,0,6
513,514,75,1,1,1,23,6,2,1,6
514,515,25,1,1,3,96,12,2,0,6
515,516,35,0,0,1,52,27,1,1,3
516,517,75,1,2,1,47,9,5,1,6
517,518,25,2,1,2,63,15,8,1,6
518,519,35,0,0,2,97,16,2,0,2
519,520,45,2,1,1,69,24,5,1,5
520,521,45,1,0,2,43,12,8,0,6
521,522,25,1,2,2,48,24,5,0,7
522,523,55,1,1,1,34,23,2,0,9
523,524,25,0,0,3,40,14,3,1,8
524,525,75,2,1,1,75,13,6,0,3
525,526,75,0,1,2,61,25,5,0,5
526,527,65,0,1,3,50,2,4,1,8
527,528,45,1,1,0,67,3,4,1,6
528,529,55,0,0,3,62,26,5,0,10
529,530,85,0,2,2,58,24,2,0,9
530,531,45,1,0,3,33,22,9,1,5
531,532,85,0,0,1,75,10,2,0,11
532,533,35,1,0,0,16,9,2,0,4
533,534,55,1,2,0,82,26,9,0,7
534,535,45,1,1,0,94,20,3,0,3
535,536,35,1,1,2,48,8,7,1,6
536,537,65,0,1,2,10,10,4,0,3
537,538,55,1,2,0,82,19,6,1,8
538,539,25,1,1,3,38,3,4,0,4
539,540,65,0,2,0,19,24,7,1,1
540,541,45,0,1,3,36,5,1,0,5
541,542,85,2,1,3,59,3,3,1,1
542,543,25,0,0,2,63,26,3,0,1
543,544,75,0,2,3,77,27,1,1,6
544,545,45,2,0,0,46,16,6,0,7
545,546,25,0,0,2,3,17,9,0,10
546,547,55,0,0,1,74,15,8,1,7
547,548,85,0,2,1,65,3,7,1,8
548,549,35,0,2,2,91,12,8,1,0
549,550,65,2,1,0,8,9,6,1,6
550,551,25,0,0,1,51,21,9,1,3
551,552,45,0,1,1,81,12,3,0,5
552,553,85,2,0,3,73,26,9,1,4
553,554,75,1,2,3,6,15,4,1,8
554,555,45,2,2,0,89,2,7,0,6
555,556,65,1,2,2,39,23,9,1,5
556,557,55,2,0,0,60,18,2,1,5
557,558,15,2,2,2,28,20,2,1,8
558,559,35,0,0,1,97,12,9,0,5
559,560,75,1,1,3,54,23,3,1,4
560,561,25,0,0,0,37,4,9,0,8
561,562,25,1,1,0,9,23,5,0,7
562,563,25,2,0,2,82,16,6,1,2
563,564,75,2,1,2,56,23,2,0,9
564,565,45,1,2,0,59,16,8,1,6
565,566,75,0,1,2,85,1,9,1,10
566,567,55,0,2,0,2,22,2,1,7
567,568,35,0,2,0,61,25,6,1,6
568,569,15,0,1,0,58,2,6,1,5
569,570,65,2,0,1,60,3,8,0,6
570,571,65,2,0,2,40,26,5,0,7
571,572,25,2,0,3,36,21,9,0,3
572,573,75,2,0,3,37,25,1,0,2
573,574,85,2,0,2,79,20,9,1,9
574,575,45,0,2,0,92,17,7,1,3
575,576,55,0,0,3,18,20,4,0,7
576,577,55,0,2,3,98,22,3,1,8
577,578,45,0,2,2,63,21,6,0,9
578,579,55,2,2,3,22,29,1,0,6
579,580,75,2,1,0,11,1,3,0,5
580,581,25,2,1,2,58,20,2,0,8
581,582,65,1,2,0,57,6,9,1,8
582,583,25,0,1,3,77,29,3,1,6
583,584,85,0,0,3,4,15,2,0,12
584,585,75,2,0,0,86,26,4,0,4
585,586,25,0,2,1,7,26,2,0,5
586,587,75,0,0,3,61,14,1,0,3
587,588,35,2,2,1,54,20,6,0,6
588,589,65,1,2,3,88,15,8,1,6
589,590,45,1,0,1,68,14,2,0,7
590,591,35,1,1,1,92,25,9,0,9
591,592,85,2,0,1,79,21,3,1,8
592,593,65,0,0,0,1,24,8,1,9
593,594,55,2,2,1,55,25,8,1,7
594,595,85,2,2,1,3,26,3,1,7
595,596,55,0,2,1,78,5,3,1,8
596,597,65,1,2,3,38,6,6,1,9
597,598,45,1,1,1,1,17,1,1,12
598,599,65,2,1,3,38,11,4,1,4
599,600,85,1,1,1,85,16,1,1,4
600,601,65,2,2,1,29,12,3,0,3
601,602,55,2,2,0,5,15,9,1,8
602,603,45,0,2,3,74,23,5,0,3
603,604,65,0,1,1,92,4,5,0,4
604,605,25,0,2,3,21,27,4,0,5
605,606,45,2,0,3,71,18,3,0,3
606,607,25,0,0,2,67,21,5,0,9
607,608,25,1,2,0,47,28,4,0,7
608,609,75,1,0,0,84,3,8,0,5
609,610,35,2,0,0,83,22,4,0,2
610,611,35,2,1,2,35,8,8,1,12
611,612,55,0,2,2,68,23,6,0,8
612,613,25,2,2,0,69,3,5,0,4
613,614,75,2,1,2,1,8,4,0,5
614,615,85,1,0,2,68,18,4,0,5
615,616,65,1,0,2,12,10,4,1,3
616,617,45,0,2,0,60,25,9,0,5
617,618,75,2,0,0,27,20,4,1,8
618,619,35,2,1,0,56,17,9,1,5
619,620,25,1,1,2,23,8,6,0,3
620,621,25,2,2,0,25,23,7,0,8
621,622,25,1,1,2,21,11,3,1,4
622,623,75,0,1,1,61,29,8,0,10
623,624,45,1,2,2,63,5,3,0,5
624,625,85,2,1,3,52,26,1,1,7
625,626,85,0,1,0,88,13,5,1,4
626,627,45,1,1,0,25,21,2,0,3
627,628,45,1,0,3,55,23,6,0,9
628,629,65,0,2,2,46,5,9,0,3
629,630,75,0,2,1,32,24,1,1,8
630,631,65,1,2,3,55,27,4,0,9
631,632,35,2,0,3,96,13,1,1,6
632,633,35,1,0,2,5,6,1,1,6
633,634,25,0,2,0,36,29,8,0,10
634,635,55,1,0,2,49,5,2,1,11
635,636,75,0,2,3,58,9,1,0,4
636,637,35,0,0,3,39,27,8,0,2
637,638,35,2,1,0,80,16,4,1,8
638,639,15,0,1,0,97,2,3,0,3
639,640,25,0,2,0,85,1,4,1,7
640,641,25,2,0,2,61,8,5,1,2
641,642,65,0,0,0,9,28,1,0,5
642,643,55,2,1,3,6,19,1,0,5
643,644,65,2,1,3,35,11,3,0,3
644,645,65,0,0,1,39,28,6,0,8
645,646,45,0,0,2,22,12,1,1,1
646,647,45,1,0,1,41,12,2,1,4
647,648,65,2,0,3,5,7,7,1,6
648,649,75,1,0,1,42,26,1,0,6
649,650,85,0,0,3,87,13,7,1,3
650,651,65,1,2,1,81,27,4,1,7
651,652,75,2,0,0,76,8,6,0,7
652,653,45,1,1,1,87,29,8,0,8
653,654,55,2,2,0,80,29,9,0,7
654,655,15,0,0,0,67,22,6,1,6
655,656,25,0,1,2,30,28,9,0,6
656,657,65,2,2,0,57,26,4,1,7
657,658,65,0,1,0,86,9,6,1,7
658,659,75,0,0,1,73,7,8,1,5
659,660,35,0,0,3,29,26,9,1,8
660,661,45,0,0,2,37,21,3,1,10
661,662,15,2,0,0,87,24,2,0,3
662,663,45,1,2,2,13,15,6,1,7
663,664,35,1,2,1,32,2,4,0,1
664,665,75,0,1,0,46,23,1,1,8
665,666,75,1,0,1,23,20,8,1,3
666,667,25,1,1,2,45,25,9,0,5
667,668,25,0,2,1,17,12,9,1,8
668,669,45,0,0,2,85,1,2,1,7
669,670,35,1,0,1,66,23,9,0,1
670,671,55,2,2,2,6,22,7,0,3
671,672,35,0,2,3,18,8,5,1,7
672,673,85,2,2,1,94,5,7,1,7
673,674,45,1,2,1,22,15,9,1,10
674,675,55,0,2,3,33,1,8,0,5
675,676,75,2,0,3,30,1,6,1,5
676,677,35,0,2,1,81,25,4,0,5
677,678,65,1,0,3,32,10,1,0,7
678,679,45,2,0,0,42,22,6,1,3
679,680,35,1,2,2,78,10,3,0,7
680,681,35,1,2,2,10,21,6,1,6
681,682,45,0,0,2,36,15,6,1,6
682,683,25,2,2,0,34,17,4,0,7
683,684,85,1,2,3,73,22,2,0,4
684,685,35,1,2,3,28,6,9,0,3
685,686,55,2,1,1,11,3,2,0,3
686,687,25,1,0,3,78,13,3,0,9
687,688,55,1,1,1,39,16,1,0,7
688,689,55,2,2,0,47,8,7,1,10
689,690,55,2,1,2,19,15,1,1,6
690,691,25,2,2,2,15,17,9,1,3
691,692,65,2,1,2,28,17,1,0,5
692,693,45,0,2,3,24,22,5,0,5
693,694,85,2,1,1,72,26,7,0,4
694,695,75,0,1,1,9,13,3,1,3
695,696,75,0,1,0,47,17,9,1,5
696,697,75,0,0,3,33,6,8,0,6
697,698,55,1,1,0,62,17,3,0,6
698,699,75,0,0,1,97,16,5,0,10
699,700,35,0,2,1,19,14,7,0,10
700,701,35,1,1,2,67,13,4,1,4
701,702,25,1,2,3,74,6,5,1,8
702,703,75,1,2,1,40,3,3,1,3
703,704,75,2,1,2,47,14,9,0,9
704,705,45,1,0,3,65,14,9,1,5
705,706,75,1,1,0,29,15,7,0,2
706,707,25,0,2,3,50,8,2,0,9
707,708,25,1,2,3,98,29,7,0,7
708,709,45,2,1,1,13,15,7,1,8
709,710,55,1,0,1,1,22,5,1,1
710,711,55,2,0,3,34,29,9,0,9
711,712,45,1,2,1,93,27,3,1,8
712,713,25,1,2,1,48,13,4,0,9
713,714,85,1,0,1,77,17,1,0,9
714,715,25,1,1,2,48,21,6,0,4
715,716,25,2,2,2,49,24,4,1,5
716,717,65,2,0,3,64,3,1,1,8
717,718,75,0,2,1,61,28,2,0,12
718,719,75,2,1,2,29,6,3,1,6
719,720,85,1,0,3,39,5,9,1,6
720,721,25,0,2,1,88,22,8,1,5
721,722,45,0,1,0,26,26,7,1,4
722,723,65,0,2,1,17,17,4,0,8
723,724,65,1,1,1,71,23,1,1,3
724,725,65,2,1,2,13,25,8,0,2
725,726,25,1,0,3,69,2,4,0,4
726,727,45,0,1,3,26,26,3,1,8
727,728,35,1,2,2,49,15,9,0,5
728,729,35,1,1,1,67,5,4,0,5
729,730,25,2,1,0,7,26,4,1,9
730,731,65,2,0,1,58,20,9,0,8
731,732,15,0,1,1,49,6,2,0,7
732,733,35,1,1,0,53,6,5,1,9
733,734,85,1,2,2,65,27,4,1,7
734,735,55,2,0,3,62,18,9,1,10
735,736,55,1,0,2,17,18,5,1,6
736,737,25,1,0,2,43,4,9,1,8
737,738,25,1,1,1,25,17,9,0,7
738,739,55,2,0,3,3,25,2,0,10
739,740,25,0,1,3,79,14,9,1,6
740,741,65,0,1,2,29,14,3,1,6
741,742,25,1,2,0,32,13,4,0,8
742,743,25,0,2,2,26,7,1,1,4
743,744,45,2,2,0,16,12,1,1,12
744,745,25,2,2,3,25,23,1,0,8
745,746,65,0,2,2,54,15,9,0,5
746,747,15,0,1,1,28,19,8,0,7
747,748,35,1,1,2,73,11,5,1,6
748,749,55,0,0,3,56,15,5,0,3
749,750,15,1,1,1,65,12,9,1,4
750,751,85,1,1,1,93,3,3,0,7
751,752,85,2,2,0,86,17,3,1,10
752,753,35,2,1,1,80,3,7,1,5
753,754,25,2,2,1,41,19,9,1,7
754,755,35,2,0,2,51,20,6,0,2
755,756,45,0,0,3,71,4,2,0,4
756,757,55,2,1,0,78,3,1,0,7
757,758,55,0,0,2,29,26,2,1,4
758,759,65,2,1,1,83,16,1,0,4
759,760,75,0,0,1,19,12,9,0,6
760,761,75,1,2,0,66,8,8,1,4
761,762,65,0,2,3,41,24,7,1,6
762,763,25,0,2,0,45,29,3,0,7
763,764,55,2,2,2,15,29,8,0,4
764,765,55,0,1,0,3,17,2,0,7
765,766,15,1,0,1,11,7,2,1,7
766,767,55,1,1,2,53,11,3,0,7
767,768,85,2,2,1,46,18,7,1,5
768,769,35,1,1,3,30,1,1,1,7
769,770,75,0,0,1,57,3,8,0,7
770,771,85,1,1,1,18,4,7,0,8
771,772,25,2,0,0,51,13,4,1,6
772,773,35,0,1,1,48,6,5,1,6
773,774,75,2,0,2,66,26,1,0,2
774,775,45,0,0,2,96,14,4,0,8
775,776,55,1,2,3,8,5,1,0,6
776,777,55,2,0,2,22,16,1,1,5
777,778,25,2,2,0,6,15,1,1,5
778,779,45,0,2,3,76,15,7,0,8
779,780,75,2,2,2,57,4,7,1,6
780,781,25,0,1,0,36,8,4,1,4
781,782,55,0,1,2,79,27,2,0,3
782,783,35,0,1,2,92,16,3,1,5
783,784,55,0,1,1,57,28,8,0,1
784,785,55,1,0,2,49,16,8,0,8
785,786,35,0,0,2,45,4,6,1,7
786,787,45,2,1,0,82,13,9,1,9
787,788,65,1,0,0,66,26,9,0,8
788,789,55,2,0,1,77,28,4,1,2
789,790,45,1,2,2,45,13,1,0,7
790,791,85,0,2,1,79,2,1,1,8
791,792,35,1,2,2,20,3,5,1,7
792,793,45,1,2,3,64,22,2,1,5
793,794,35,2,0,3,93,8,6,0,6
794,795,85,2,1,1,93,24,7,1,5
795,796,75,0,0,1,67,15,1,0,6
796,797,65,1,0,1,83,11,6,0,4
797,798,55,1,0,0,3,9,8,0,5
798,799,65,1,2,0,54,7,5,1,4
799,800,25,0,2,0,78,13,7,0,3
800,801,85,0,2,1,64,2,6,0,5
801,802,25,0,1,2,40,8,4,1,8
802,803,65,0,0,3,59,7,7,0,8
803,804,55,0,1,1,55,24,9,0,5
804,805,85,2,2,0,62,12,7,1,6
805,806,35,1,1,0,4,19,5,0,9
806,807,45,1,0,1,60,7,7,1,7
807,808,55,1,0,1,75,10,3,0,6
808,809,45,1,2,0,95,29,2,0,3
809,810,55,1,2,2,96,25,5,1,5
810,811,45,1,1,0,91,16,4,0,6
811,812,55,1,2,0,30,3,5,0,6
812,813,75,1,2,1,2,10,8,0,7
813,814,45,2,0,2,62,6,4,1,6
814,815,75,1,2,0,49,18,9,1,7
815,816,55,2,2,0,9,18,7,1,4
816,817,85,0,0,3,92,5,7,1,10
817,818,25,1,0,1,31,21,8,1,3
818,819,25,0,1,3,98,29,6,0,11
819,820,55,0,2,3,61,7,8,1,7
820,821,35,0,0,0,79,28,3,1,7
821,822,45,2,1,1,48,2,1,1,5
822,823,65,0,1,2,25,11,6,0,6
823,824,65,0,2,0,36,13,1,0,8
824,825,75,0,2,2,8,23,9,1,9
825,826,35,1,1,2,73,5,2,0,3
826,827,45,1,0,1,58,6,2,0,5
827,828,25,2,1,3,45,24,7,0,7
828,829,25,2,2,1,62,26,2,0,3
829,830,45,1,0,2,39,29,8,1,9
830,831,65,2,0,0,96,14,6,1,5
831,832,65,1,1,2,58,12,7,0,4
832,833,15,0,2,0,81,4,7,0,8
833,834,45,0,1,0,99,29,6,0,6
834,835,55,2,1,1,83,23,9,0,7
835,836,55,1,1,2,64,6,9,1,8
836,837,45,1,0,3,44,10,7,0,8
837,838,65,2,0,2,29,18,9,1,4
838,839,45,1,2,2,59,15,3,0,5
839,840,35,0,2,3,71,8,3,1,2
840,841,25,2,1,1,92,26,1,0,7
841,842,55,2,1,2,9,9,5,1,5
842,843,25,1,1,2,92,5,4,1,6
843,844,45,2,2,0,6,10,2,1,9
844,845,65,1,0,2,29,20,9,0,6
845,846,65,1,0,3,58,6,3,1,3
846,847,25,1,1,0,17,16,8,0,11
847,848,35,1,1,1,16,24,6,1,10
848,849,75,1,1,0,87,27,5,1,4
849,850,75,2,1,3,95,3,1,0,7
850,851,65,0,2,3,3,10,4,1,5
851,852,25,0,0,0,21,11,3,0,5
852,853,55,2,1,1,64,11,1,0,4
853,854,45,2,2,0,90,17,5,0,5
854,855,25,0,1,1,36,4,6,0,4
855,856,65,0,1,0,86,4,2,1,4
856,857,45,0,0,3,62,17,3,1,8
857,858,55,0,1,2,42,9,6,0,4
858,859,55,0,0,2,76,19,4,1,8
859,860,25,1,0,1,42,5,9,1,4
860,861,45,2,0,1,61,22,5,0,4
861,862,15,1,2,1,13,24,4,1,9
862,863,65,0,2,3,11,6,2,0,10
863,864,35,0,0,0,54,3,6,1,2
864,865,55,0,1,3,16,22,2,1,7
865,866,75,1,0,2,8,1,7,0,3
866,867,75,1,1,1,59,20,3,1,4
867,868,15,0,0,0,57,22,9,1,8
868,869,85,1,1,2,40,16,5,0,4
869,870,75,1,2,2,59,23,8,1,9
870,871,75,0,1,2,2,11,6,0,5
871,872,55,1,0,3,94,13,8,1,8
872,873,35,2,2,1,94,27,3,0,10
873,874,35,2,1,2,76,10,3,0,8
874,875,65,2,1,1,10,3,5,0,4
875,876,75,2,1,3,44,9,3,0,3
876,877,25,0,1,2,11,28,8,0,5
877,878,65,0,1,3,79,12,8,1,4
878,879,75,0,2,3,80,23,2,1,9
879,880,45,2,2,1,81,14,4,0,4
880,881,55,2,2,2,90,1,1,1,11
881,882,55,1,2,3,2,18,4,0,8
882,883,85,1,0,2,50,17,4,1,7
883,884,45,2,2,1,12,27,9,1,4
884,885,55,2,1,3,90,9,3,0,11
885,886,15,2,1,1,23,9,2,0,8
886,887,25,2,2,2,18,23,9,1,8
887,888,55,1,1,2,62,10,9,1,7
888,889,35,2,2,1,96,19,1,0,2
889,890,65,1,1,0,62,29,6,1,4
890,891,75,2,0,3,38,15,8,1,9
891,892,65,2,0,2,67,5,3,0,1
892,893,75,2,2,2,38,15,9,1,6
893,894,45,1,2,3,67,20,2,0,4
894,895,45,1,2,1,94,23,6,0,4
895,896,65,0,1,1,61,25,1,0,7
896,897,55,2,2,1,1,28,7,1,4
897,898,65,0,0,0,94,2,3,1,4
898,899,45,0,1,0,45,13,7,0,6
899,900,85,1,2,2,96,24,4,0,6
900,901,35,1,1,1,28,16,9,1,8
901,902,45,0,1,3,21,15,5,1,9
902,903,45,2,2,2,13,25,3,1,3
903,904,65,1,1,3,27,10,8,0,1
904,905,65,2,0,2,7,14,6,0,7
905,906,35,2,0,0,22,10,2,1,3
906,907,85,0,1,2,74,25,3,1,8
907,908,75,0,2,0,53,14,8,1,3
908,909,65,0,1,2,79,26,7,0,6
909,910,15,0,0,1,79,23,6,0,5
910,911,35,1,1,3,4,9,1,1,4
911,912,65,1,1,1,96,25,9,1,8
912,913,75,0,0,2,23,14,3,0,6
913,914,75,1,1,2,70,3,5,0,7
914,915,45,0,1,2,88,20,7,1,5
915,916,45,2,2,0,84,16,7,1,8
916,917,45,2,2,3,84,2,3,1,0
917,918,65,2,0,3,76,10,4,0,5
918,919,65,0,0,2,33,3,7,1,7
919,920,45,2,0,2,28,11,8,0,4
920,921,35,1,2,0,8,11,2,0,3
921,922,55,2,0,1,1,21,9,1,3
922,923,35,2,0,1,37,21,7,1,7
923,924,35,2,0,3,63,22,8,0,8
924,925,15,1,2,0,22,13,6,1,6
925,926,65,0,1,2,70,7,6,0,10
926,927,85,1,0,3,21,23,9,1,10
927,928,55,0,1,0,96,17,4,1,5
928,929,65,0,0,1,35,2,5,1,5
929,930,85,2,1,0,79,12,9,1,8
930,931,25,0,2,1,5,25,1,0,4
931,932,15,1,2,0,60,10,4,0,5
932,933,25,1,0,3,46,18,7,0,4
933,934,45,0,1,1,50,22,9,1,7
934,935,75,2,2,3,48,27,6,0,3
935,936,25,2,0,3,6,11,8,0,5
936,937,45,1,0,1,89,16,9,0,4
937,938,25,2,2,1,56,17,4,1,2
938,939,55,0,2,2,59,19,1,0,8
939,940,75,0,0,2,29,18,8,1,1
940,941,45,1,1,2,71,3,2,1,6
941,942,65,0,1,3,77,21,1,0,6
942,943,25,1,1,3,18,27,7,1,9
943,944,25,0,0,2,2,26,9,0,9
944,945,85,1,2,3,8,16,9,0,9
945,946,75,2,0,3,75,6,3,0,4
946,947,85,0,2,1,97,25,6,0,4
947,948,75,0,1,1,54,12,7,0,3
948,949,75,1,1,3,38,11,9,1,3
949,950,85,1,2,2,48,15,2,0,7
950,951,65,0,2,0,27,15,8,1,6
951,952,25,1,0,2,20,16,7,0,6
952,953,55,0,1,0,12,10,4,0,5
953,954,55,2,0,2,43,12,2,0,6
954,955,45,1,0,1,61,28,8,1,6
955,956,65,0,0,3,31,13,5,1,9
956,957,35,2,1,3,91,4,6,1,7
957,958,55,2,0,1,96,7,7,1,3
958,959,75,0,0,0,61,22,1,0,11
959,960,35,1,0,0,74,2,8,0,4
960,961,75,0,0,0,67,26,4,1,7
961,962,65,2,0,1,91,27,9,1,4
962,963,25,0,0,0,35,27,1,1,9
963,964,25,1,1,1,95,27,2,0,12
964,965,55,2,0,2,15,15,6,1,7
965,966,45,0,2,2,16,8,1,1,3
966,967,35,1,0,1,13,7,4,0,4
967,968,35,2,0,3,35,15,8,1,8
968,969,55,1,1,2,75,23,5,0,9
969,970,45,2,1,0,59,14,9,0,7
970,971,75,0,2,1,21,8,6,0,6
971,972,15,1,2,0,54,28,1,0,3
972,973,15,2,1,0,75,12,6,0,5
973,974,65,1,1,3,30,13,6,1,4
974,975,35,1,0,0,48,11,6,1,2
975,976,25,0,1,3,35,17,8,0,1
976,977,15,1,2,2,86,29,6,0,8
977,978,85,2,0,1,38,17,5,1,7
978,979,25,2,2,0,31,24,2,1,5
979,980,35,2,0,1,78,4,4,0,6
980,981,25,2,1,0,24,21,5,1,7
981,982,55,0,2,1,49,8,4,1,5
982,983,55,1,0,0,96,5,2,0,5
983,984,25,0,0,0,32,26,7,1,7
984,985,75,1,1,0,55,16,2,1,10
985,986,65,1,1,0,79,4,1,1,5
986,987,45,1,1,0,58,28,5,1,6
987,988,45,0,2,0,99,22,1,0,4
988,989,75,1,0,0,3,29,1,1,3
989,990,35,0,1,0,80,15,1,0,2
990,991,25,2,2,0,69,12,6,1,7
991,992,55,2,2,1,85,5,9,0,4
992,993,85,1,2,3,10,23,1,0,5
993,994,45,0,1,0,83,16,5,1,5
994,995,35,2,1,3,25,14,9,0,3
995,996,25,0,0,0,68,10,9,0,7
996,997,45,0,0,0,61,7,1,0,4
997,998,75,1,1,1,29,13,8,0,8
998,999,45,2,2,2,19,20,1,0,9
999,1000,55,1,2,2,43,28,8,1,6
